966860.5438842124 1935701.0954032452 966853.3464768158 1935701.1467902286 0.0
966853.3464768158 1935701.1467902286 966842.7434336751 1935701.271660666 0.0
966842.7434336751 1935701.271660666 966842.7273581806 1935701.27140484 0.0
966842.7273581806 1935701.27140484 966836.646752014 1935700.513496885 -0.05
966836.646752014 1935700.513496885 966832.860323876 1935698.2714757863 0.0
966832.860323876 1935698.2714757863 966830.968475798 1935696.7188044721 0.0
966830.968475798 1935696.7188044721 966829.8556558841 1935695.1536247267 0.0
966829.8556558841 1935695.1536247267 966828.4334767613 1935690.5305986155 -0.2
966828.4334767613 1935690.5305986155 966828.3584243971 1935688.8200242247 0.0
966828.3584243971 1935688.8200242247 966827.8821515942 1935654.8840349733 0.0
966827.8821515942 1935654.8840349733 966827.7420630555 1935651.4580179153 0.0
966827.7420630555 1935651.4580179153 966827.633841559 1935649.6225236228 0.0
966827.633841559 1935649.6225236228 966825.7578126828 1935646.7661513002 0.3 
966825.7578126828 1935646.7661513002 966823.5195145895 1935646.580937075 0.2 
966823.5195145895 1935646.580937075 966818.2141255072 1935646.8739691167 -0.05
966818.2141255072 1935646.8739691167 966804.7085599243 1935647.40306165 0.0
966804.7085599243 1935647.40306165 966801.0068637728 1935646.9444981553 0.15
966801.0068637728 1935646.9444981553 966798.4035423567 1935652.3706313712 0.4 
966798.4035423567 1935652.3706313712 966798.7601552512 1935659.3920549275 0.0
966798.7601552512 1935659.3920549275 966798.8797789284 1935693.2134558444 0.0
966798.8797789284 1935693.2134558444 966797.9793185038 1935702.8825170037 0.0
966797.9793185038 1935702.8825170037 966797.2405347886 1935711.9747004195 0.0
966797.2405347886 1935711.9747004195 966796.2996248576 1935743.7682191539 0.0
966796.2996248576 1935743.7682191539 966797.0710971629 1935747.437559654 0.1
966797.0710971629 1935747.437559654 966797.3132744525 1935750.4720832792 -0.1
966797.3132744525 1935750.4720832792 966798.2866730451 1935757.3345082877 0.0
966798.2866730451 1935757.3345082877 966798.3909939103 1935786.7226829685 0.0
966798.3909939103 1935786.7226829685 966799.089156629 1935789.8794917548 0.1
966799.089156629 1935789.8794917548 966801.3597607978 1935792.891513265 0.2
966801.3597607978 1935792.891513265 966805.2164406952 1935793.7085532532 0.3
966805.2164406952 1935793.7085532532 966808.5595421568 1935793.7985612613 0.0
966808.5595421568 1935793.7985612613 966870.4940951215 1935794.889150179 0.0
966870.4940951215 1935794.889150179 966948.6471479118 1935796.2982369415 0.0
966948.6471479118 1935796.2982369415 966953.6873108646 1935796.1366901568 0.1
966953.6873108646 1935796.1366901568 966957.8435693872 1935792.0523830014 0.7 
966957.8435693872 1935792.0523830014 966957.751015073 1935786.706222317 0.0 
966957.751015073 1935786.706222317 966957.6628544803 1935782.1108934417 0.0 
966957.6628544803 1935782.1108934417 966952.7653891168 1935778.0421503894 0.55
966952.7653891168 1935778.0421503894 966949.1382065619 1935778.6567321897 0.4
966949.1382065619 1935778.6567321897 966945.3833510574 1935780.127533027 0.0
966945.3833510574 1935780.127533027 966939.3870399244 1935780.0664005068 0.0
966939.3870399244 1935780.0664005068 966883.6178703809 1935779.2481842441 0.0
966883.6178703809 1935779.2481842441 966877.6650024792 1935779.283373789 0.0
966877.6650024792 1935779.283373789 966872.595555633 1935769.3006509892 -0.5
966872.595555633 1935769.3006509892 966871.8542690699 1935760.5327595077 0.0
966871.8542690699 1935760.5327595077 966872.6626985776 1935709.13634088 0.0
966872.6626985776 1935709.13634088 966873.7333952549 1935665.1943682171 0.0
966873.7333952549 1935665.1943682171 966873.7203229587 1935655.072460229 0.0
966873.7203229587 1935655.072460229 966874.3331038258 1935651.4251289484 0.0
966874.3331038258 1935651.4251289484 966877.0964286996 1935639.236699928 0.0
966877.0964286996 1935639.236699928 966877.8384104806 1935631.7993624748 0.0
966877.8384104806 1935631.7993624748 966878.4854954545 1935603.2452902072 0.0
966878.4854954545 1935603.2452902072 966878.5590351183 1935597.3712019767 0.0
966878.5590351183 1935597.3712019767 966899.9199019829 1935580.5192155545 -0.8
966899.9199019829 1935580.5192155545 966908.4705083726 1935580.8009036432 0.0
966908.4705083726 1935580.8009036432 966993.7461979093 1935582.1732579113 0.0
