966861.836388783 1935701.1266303535 966839.2348216427 1935700.9468214228 0.0
966839.2348216427 1935700.9468214228 966828.0242929072 1935695.2596357348 -0.5
966828.0242929072 1935695.2596357348 966827.9451783156 1935656.0062748285 0.0
966827.9451783156 1935656.0062748285 966824.4110452805 1935647.2783651801 0.6    
966824.4110452805 1935647.2783651801 966804.2967539184 1935646.805340172 0.0
966804.2967539184 1935646.805340172 966799.5986782139 1935651.81460421 0.5
966799.5986782139 1935651.81460421 966797.7077545963 1935787.959951357 0.0
966797.7077545963 1935787.959951357 966802.5987030821 1935793.3540590317 0.5
966802.5987030821 1935793.3540590317 966950.9941866584 1935795.613655627 0.0
966950.9941866584 1935795.613655627 966956.6536951836 1935791.0777879187 0.5
966956.6536951836 1935791.0777879187 966956.9065286034 1935785.7154378407 0.0
966956.9065286034 1935785.7154378407 966951.0597757817 1935779.761089375 0.5
966951.0597757817 1935779.761089375 966883.6381133787 1935779.0527140244 0.0
966883.6381133787 1935779.0527140244 966872.2258831844 1935771.641278577 -0.5
966872.2258831844 1935771.641278577 966872.1834105379 1935750.3331327015 0.0
966872.1834105379 1935750.3331327015 966872.6043745917 1935708.447643194 0.0
966872.6043745917 1935708.447643194 966873.600622688 1935663.3821713126 0.0
966873.600622688 1935663.3821713126 966874.0271082069 1935635.199836533 0.0
966874.0271082069 1935635.199836533 966874.5515803813 1935603.671717592 0.0
966874.5515803813 1935603.671717592 966857.1874226345 1935589.8860739982 0.5
